positives/v1_0001.jpg 1 590 327 37 30
positives/v1_0002.jpg 0
positives/v1_0003.jpg 2 589 325 39 34 512 326 48 43
positives/v1_0004.jpg 1 515 326 43 37
positives/v1_0005.jpg 3 793 344 59 44 590 330 38 30 518 332 47 31
positives/v1_0006.jpg 3 844 356 77 54 586 334 41 30 517 333 45 31
positives/v1_0007.jpg 3 520 333 47 31 585 335 40 27 954 369 102 76
positives/v1_0008.jpg 3 582 331 45 32 521 331 44 29 708 336 40 33
positives/v1_0009.jpg 3 581 329 45 36 525 332 39 30 715 341 52 35
positives/v1_0010.jpg 3 578 336 46 34 527 333 36 28 720 343 64 41
positives/v1_0011.jpg 2 716 346 77 52 577 334 50 36
positives/v1_0012.jpg 1 704 351 104 62
positives/v1_0013.jpg 1 674 356 155 89
positives/v1_0014.jpg 0
positives/v1_0015.jpg 1 537 376 252 146
positives/v1_0016.jpg 3 779 322 101 104 524 384 238 134 240 370 144 95
positives/v1_0017.jpg 3 352 350 103 70 512 376 214 125 813 320 118 132
positives/v1_0018.jpg 1 875 324 141 145
positives/v1_0019.jpg 0
positives/v1_0020.jpg 2 531 361 142 87 342 352 121 76
positives/v1_0021.jpg 2 404 344 91 65 535 349 130 81
positives/v1_0022.jpg 2 539 348 112 75 431 347 73 50
positives/v2_0001.jpg 2 262 358 172 72 656 275 64 44
positives/v2_0002.jpg 2 272 363 144 75 655 278 58 45
positives/v2_0003.jpg 2 333 338 134 68 657 271 59 53
positives/v2_0004.jpg 3 95 357 88 71 386 318 123 72 656 258 71 72
positives/v2_0005.jpg 3 658 263 72 64 435 311 103 59 191 335 93 62
positives/v2_0006.jpg 3 264 320 93 53 461 297 92 55 658 272 77 60
positives/v2_0007.jpg 3 660 258 80 73 501 282 73 62 326 299 75 56
positives/v2_0008.jpg 3 372 289 68 54 522 287 68 46 660 260 78 71
positives/v2_0009.jpg 2 414 290 55 42 541 286 58 39
positives/v2_0010.jpg 4 662 263 82 71 553 278 53 42 444 279 56 42 193 364 172 87
positives/v2_0011.jpg 3 332 315 148 106 564 274 48 43 666 263 77 70
positives/v2_0012.jpg 3 670 263 75 69 575 273 51 38 422 298 109 90
positives/v2_0013.jpg 3 472 288 90 75 589 268 40 40 663 266 82 76
positives/v2_0014.jpg 2 656 251 97 88 512 275 78 62
positives/v2_0015.jpg 3 454 263 64 51 536 272 70 51 651 249 103 94
positives/v2_0016.jpg 3 643 253 110 101 487 258 54 50 566 266 52 43
positives/v2_0017.jpg 2 645 267 114 92 589 271 47 30
positives/v2_0018.jpg 1 640 259 110 99
positives/v2_0019.jpg 1 642 260 112 95
positives/v2_0020.jpg 1 645 264 105 97
positives/v2_0021.jpg 1 645 272 103 89
positives/v2_0022.jpg 2 646 260 106 95 147 369 141 91
positives/v2_0023.jpg 0
positives/v2_0024.jpg 3 450 278 69 57 549 284 63 52 689 271 72 68
positives/v2_0025.jpg 3 543 263 37 37 603 269 42 37 685 249 65 64
positives/v2_0026.jpg 1 244 326 77 59
positives/v2_0027.jpg 1 435 280 52 54
positives/v2_0028.jpg 0
positives/v2_0029.jpg 0
positives/v2_0030.jpg 0
positives/v2_0031.jpg 0
positives/v2_0032.jpg 1 313 297 67 71
positives/v2_0033.jpg 2 454 281 55 48 955 280 80 93
positives/v2_0034.jpg 0
positives/v2_0035.jpg 1 174 341 89 65
positives/v2_0036.jpg 1 403 297 57 39
positives/v2_0037.jpg 1 1004 301 92 83
positives/v2_0038.jpg 2 285 291 150 139 1025 312 102 82
positives/v2_0039.jpg 1 390 281 121 96
positives/v2_0040.jpg 2 306 294 74 64 457 276 92 79
positives/v2_0041.jpg 2 437 278 57 52 512 272 63 67
positives/v2_0042.jpg 1 540 272 56 53
positives/v3_0001.jpg 2 718 423 73 79 1082 460 96 77
positives/v3_0002.jpg 2 705 418 85 91 1085 458 98 80
positives/v3_0003.jpg 1 730 419 97 98
positives/v3_0004.jpg 1 765 405 122 130
positives/v3_0005.jpg 2 134 483 175 110 837 392 145 159
positives/v3_0006.jpg 2 953 355 191 218 243 474 145 97
positives/v3_0007.jpg 1 323 465 116 91
positives/v3_0008.jpg 1 371 464 94 73
positives/v3_0009.jpg 1 394 456 82 71
positives/v3_0010.jpg 1 408 462 75 58
positives/v3_0011.jpg 1 419 461 73 51
positives/v3_0012.jpg 1 427 464 73 46
positives/v3_0013.jpg 1 443 466 61 44
positives/v3_0014.jpg 1 447 464 55 41
positives/v3_0015.jpg 1 453 461 56 37
positives/v3_0016.jpg 1 458 456 59 41
positives/v3_0017.jpg 1 466 454 49 41
positives/v3_0018.jpg 1 474 452 48 42
positives/v3_0019.jpg 1 481 455 48 39
positives/v3_0020.jpg 1 488 458 45 35
positives/v3_0021.jpg 1 496 456 46 39
positives/v3_0022.jpg 0
positives/v3_0023.jpg 0
positives/v3_0024.jpg 0
positives/v3_0025.jpg 1 503 457 40 31
positives/v3_0026.jpg 1 507 460 32 30
positives/v3_0027.jpg 1 505 453 35 30
positives/v3_0028.jpg 1 505 456 37 29
positives/v3_0029.jpg 1 508 452 35 27
positives/v3_0030.jpg 0
positives/v3_0031.jpg 0
positives/v3_0032.jpg 0
positives/v3_0033.jpg 0
positives/v3_0034.jpg 0
positives/v3_0035.jpg 0
positives/v3_0036.jpg 0
positives/v3_0037.jpg 0
positives/v3_0038.jpg 0
positives/v3_0039.jpg 0
positives/v3_0040.jpg 0
positives/v3_0041.jpg 0
positives/v3_0042.jpg 1 688 453 66 49
positives/v3_0043.jpg 1 709 450 76 66
positives/v3_0044.jpg 1 733 456 94 65
positives/v3_0045.jpg 1 779 449 127 96
positives/v3_0046.jpg 2 650 447 39 35 879 439 171 143
positives/v3_0047.jpg 1 655 451 46 41
positives/v3_0048.jpg 1 669 448 54 45
positives/v3_0049.jpg 1 693 445 67 55
positives/v3_0050.jpg 1 757 446 76 65
positives/v3_0051.jpg 1 874 434 106 95
positives/v3_0052.jpg 2 1144 406 135 154 673 448 68 58
positives/v3_0053.jpg 2 719 452 84 70 551 463 51 39
positives/v3_0054.jpg 2 552 458 58 42 825 455 132 108
positives/v3_0055.jpg 1 561 460 72 53
positives/v3_0056.jpg 1 590 461 80 60
positives/v3_0057.jpg 1 638 457 109 74
positives/v3_0058.jpg 1 717 464 138 106
positives/v3_0059.jpg 1 898 490 200 134
positives/v3_0060.jpg 1 709 447 72 68
positives/v3_0061.jpg 2 741 444 88 90 981 471 57 48
positives/v3_0062.jpg 2 807 444 103 109 1154 471 67 63
positives/v3_0063.jpg 3 904 433 151 148 654 464 34 27 737 452 31 36
positives/v3_0064.jpg 1 662 469 35 22
positives/v3_0065.jpg 2 785 452 40 42 666 463 36 29
positives/v3_0066.jpg 0
positives/v3_0067.jpg 0
positives/v3_0068.jpg 2 838 446 54 61 644 464 56 35
positives/v3_0069.jpg 2 620 461 49 34 848 442 59 65
positives/v3_0070.jpg 2 589 459 62 39 868 439 79 73
positives/v3_0071.jpg 2 963 436 79 81 582 463 58 43
positives/v3_0072.jpg 1 552 462 69 47
positives/v3_0073.jpg 1 530 455 77 47
positives/v3_0074.jpg 1 491 461 89 53
positives/v3_0075.jpg 1 438 467 96 55
positives/v3_0076.jpg 1 396 461 105 71
positives/v3_0077.jpg 1 335 456 136 89
positives/v3_0078.jpg 1 248 457 168 108
positives/v3_0079.jpg 1 169 462 172 114
positives/v3_0080.jpg 1 67 465 192 130
positives/v3_0081.jpg 1 457 457 40 37
positives/v3_0082.jpg 1 430 461 44 26
positives/v3_0083.jpg 0
positives/v3_0084.jpg 0
positives/v3_0085.jpg 0
positives/v3_0086.jpg 0
positives/v3_0087.jpg 1 75 453 94 63
positives/v3_0088.jpg 1 203 446 77 53
positives/v3_0089.jpg 1 237 447 45 36
positives/v3_0090.jpg 0
positives/v3_0091.jpg 0
positives/v3_0092.jpg 0
positives/v3_0093.jpg 0
positives/v3_0094.jpg 0
positives/v3_0095.jpg 0
positives/v3_0096.jpg 0
positives/v3_0097.jpg 0
positives/v3_0098.jpg 0
positives/v3_0099.jpg 0
positives/v3_0100.jpg 0
positives/v3_0101.jpg 0
positives/v3_0102.jpg 0
positives/v3_0103.jpg 0
positives/v3_0104.jpg 0
positives/v3_0105.jpg 0
positives/v3_0106.jpg 0
positives/v3_0107.jpg 0
positives/v3_0108.jpg 0
positives/v3_0109.jpg 0
positives/v3_0110.jpg 0
positives/v3_0111.jpg 0
positives/v3_0112.jpg 0
positives/v3_0113.jpg 0
positives/v3_0114.jpg 0
positives/v3_0115.jpg 0
positives/v3_0116.jpg 1 573 462 34 20
positives/v3_0117.jpg 1 574 462 35 22
positives/v3_0118.jpg 1 574 462 42 28
positives/v3_0119.jpg 1 574 460 43 29
positives/v3_0120.jpg 1 568 458 35 28
positives/v3_0121.jpg 2 637 455 34 26 559 462 39 24
positives/v3_0122.jpg 2 558 457 46 31 697 451 59 43
positives/v3_0123.jpg 2 1031 450 143 109 556 458 45 31
positives/v3_0124.jpg 1 560 457 48 33
positives/v3_0125.jpg 1 558 456 47 37
positives/v3_0126.jpg 1 557 457 44 32
positives/v3_0127.jpg 1 548 454 49 38
positives/v3_0128.jpg 0
positives/v3_0129.jpg 0
positives/v3_0130.jpg 0
positives/v3_0131.jpg 0
positives/v3_0132.jpg 0
positives/v3_0133.jpg 0
positives/v3_0134.jpg 0
positives/v3_0135.jpg 0
positives/v3_0136.jpg 0
positives/v3_0137.jpg 1 9 434 59 55
positives/v3_0138.jpg 2 152 444 56 55 556 454 34 34
positives/v3_0139.jpg 1 247 457 42 39
positives/v3_0140.jpg 2 297 446 48 46 574 448 36 33
positives/v3_0141.jpg 2 329 449 49 47 574 452 37 36
positives/v3_0142.jpg 2 348 450 53 46 570 452 42 35
positives/v3_0143.jpg 2 364 454 58 50 563 454 44 37
positives/v3_0144.jpg 2 383 453 61 54 560 455 45 33
positives/v3_0145.jpg 2 409 450 76 58 560 450 50 38
positives/v3_0146.jpg 2 499 442 93 75 308 450 62 44
positives/v3_0147.jpg 2 634 451 103 92 311 452 77 53
positives/v3_0148.jpg 1 751 444 128 107
positives/v3_0149.jpg 3 297 451 107 81 848 445 143 113 693 449 70 50
positives/v3_0150.jpg 4 324 445 116 85 65 427 110 106 912 446 141 115 694 453 61 54
positives/v3_0151.jpg 3 250 438 77 71 373 454 110 84 924 448 141 117
positives/v3_0152.jpg 4 907 450 131 117 622 455 63 55 412 452 105 72 337 445 75 56
positives/v3_0153.jpg 5 174 456 75 71 392 447 50 50 475 453 92 70 594 449 51 57 877 450 127 101
positives/v3_0154.jpg 3 840 461 111 80 526 454 90 71 300 461 59 49
positives/v3_0155.jpg 2 363 456 61 45 547 451 93 68
positives/v3_0156.jpg 3 817 448 107 87 555 446 87 76 456 454 38 36
positives/v3_0157.jpg 2 565 449 103 90 833 451 103 86
positives/v3_0158.jpg 2 621 454 126 95 890 448 93 82
positives/v3_0159.jpg 3 165 454 99 85 736 470 155 100 919 453 87 78
positives/v3_0160.jpg 2 302 457 94 71 904 488 193 113
positives/v3_0161.jpg 3 697 459 54 36 896 458 73 50 371 458 89 55
positives/v3_0162.jpg 3 408 451 70 53 701 467 52 36 875 470 65 39
positives/v3_0163.jpg 3 429 458 70 50 695 467 60 38 854 468 66 47
positives/v3_0164.jpg 3 708 461 65 50 851 466 53 44 447 459 62 39
positives/v3_0165.jpg 3 725 464 79 58 837 455 61 54 450 451 58 47
positives/v3_0166.jpg 2 466 453 51 41 754 459 100 73
positives/v3_0167.jpg 2 796 457 128 88 477 451 49 39
positives/v3_0168.jpg 3 888 474 158 98 702 448 73 46 491 458 48 32
positives/v3_0169.jpg 3 1064 483 200 150 485 460 50 32 839 459 58 46
positives/v3_0170.jpg 2 723 454 100 64 852 454 57 50
positives/v3_0171.jpg 2 740 442 117 87 858 453 58 54
positives/v3_0172.jpg 1 798 437 163 118
positives/v3_0173.jpg 1 946 437 239 172
positives/v3_0174.jpg 3 484 450 55 41 98 441 192 123 708 457 65 48
positives/v3_0175.jpg 3 739 457 93 64 484 458 49 31 134 444 184 123
positives/v3_0176.jpg 5 803 453 119 94 129 434 158 124 475 451 49 43 572 459 41 31 664 462 41 22
positives/v3_0177.jpg 5 675 457 44 35 579 451 44 39 477 454 53 35 108 438 159 115 919 415 179 178
positives/v3_0178.jpg 5 102 428 165 118 480 453 44 33 576 453 45 37 690 457 45 39 895 458 67 54
positives/v3_0179.jpg 5 130 428 169 117 1022 464 87 64 481 453 49 33 576 448 55 49 705 451 58 50
positives/v3_0180.jpg 4 182 437 167 123 480 453 55 35 572 455 52 43 730 453 75 64
positives/v3_0181.jpg 4 775 456 94 84 564 457 58 48 481 450 50 43 226 454 163 100
positives/v3_0182.jpg 5 721 457 64 53 874 454 149 118 562 454 62 51 481 450 49 41 265 446 147 97
positives/v3_0183.jpg 4 753 459 75 51 558 452 75 56 284 443 134 92 485 451 50 38
positives/v3_0184.jpg 4 304 436 126 88 488 453 53 34 557 456 72 57 789 466 90 63
positives/v3_0185.jpg 3 838 467 118 80 552 454 77 57 313 450 122 72
positives/v3_0186.jpg 3 333 446 111 70 551 458 79 59 958 483 169 105
positives/v3_0187.jpg 2 559 455 75 60 345 447 113 75
positives/v3_0188.jpg 2 365 444 98 71 558 456 80 61
positives/v3_0189.jpg 2 384 453 86 55 548 462 78 53
positives/v3_0190.jpg 2 407 453 76 41 539 457 78 59
positives/v3_0191.jpg 2 426 450 70 48 538 458 73 51
positives/v3_0192.jpg 2 549 465 74 40 440 456 71 43
positives/v3_0193.jpg 2 451 453 66 47 550 461 77 60
positives/v3_0194.jpg 2 456 452 73 46 548 462 83 58
positives/v3_0195.jpg 2 551 464 81 53 458 453 70 42
positives/v3_0196.jpg 2 542 463 93 54 454 451 74 40
positives/v3_0197.jpg 2 537 466 98 58 451 455 73 40
positives/v3_0198.jpg 2 544 466 101 61 460 453 73 40
positives/v3_0199.jpg 2 583 467 117 78 484 452 66 49
positives/v3_0200.jpg 2 641 476 139 85 507 455 75 53
positives/v3_0201.jpg 3 714 474 167 106 522 458 82 44 641 458 50 29
positives/v3_0202.jpg 2 541 455 80 56 818 477 183 129
positives/v3_0203.jpg 2 927 489 221 128 553 457 77 48
positives/v3_0204.jpg 2 667 455 56 37 559 454 81 53
positives/v3_0205.jpg 2 682 457 51 33 570 456 79 54
positives/v3_0206.jpg 3 570 455 78 50 687 457 58 38 820 460 45 36
positives/v3_0207.jpg 2 696 458 57 40 568 458 70 48
positives/v3_0208.jpg 2 568 459 74 51 706 461 65 40
positives/v3_0209.jpg 2 562 453 77 53 716 452 74 56
positives/v3_0210.jpg 2 726 456 83 55 556 456 76 51
positives/v3_0211.jpg 3 743 453 105 72 911 463 70 45 554 454 73 50
positives/v3_0212.jpg 1 554 450 74 55
positives/v3_0213.jpg 1 550 452 79 56
positives/v3_0214.jpg 1 546 455 77 48
positives/v3_0215.jpg 1 537 454 83 52
positives/v3_0216.jpg 2 726 461 66 54 538 454 82 54
positives/v3_0217.jpg 1 534 454 91 57
positives/v3_0218.jpg 2 824 474 120 82 536 454 88 56
positives/v3_0219.jpg 2 550 450 87 64 982 486 178 124
positives/v3_0220.jpg 2 851 453 80 65 559 448 89 64
positives/v3_0221.jpg 2 562 456 85 51 936 456 102 77
positives/v3_0222.jpg 0
positives/v3_0223.jpg 1 559 453 85 60
positives/v3_0224.jpg 1 559 453 79 61
positives/v3_0225.jpg 1 555 460 82 48
positives/v3_0226.jpg 1 550 457 81 57
positives/v3_0227.jpg 1 537 455 81 54
positives/v3_0228.jpg 1 534 453 87 57
positives/v3_0229.jpg 1 533 448 84 60
positives/v3_0230.jpg 1 537 451 84 57
positives/v3_0231.jpg 2 825 449 85 58 540 455 86 55
positives/v3_0232.jpg 2 550 447 85 62 919 450 93 71
positives/v3_0233.jpg 2 1068 437 129 96 552 454 87 52
positives/v3_0234.jpg 2 726 451 43 39 558 452 84 61
positives/v3_0235.jpg 2 553 453 86 61 755 446 47 47
positives/v3_0236.jpg 2 564 449 84 67 795 445 59 53
positives/v3_0237.jpg 2 853 441 71 65 562 445 92 72
positives/v3_0238.jpg 2 558 439 97 77 947 435 89 84
positives/v3_0239.jpg 1 559 448 96 65
positives/v3_0240.jpg 1 554 442 101 78
positives/v3_0241.jpg 1 551 450 103 68
positives/v3_0242.jpg 2 555 447 107 83 1052 458 50 43
positives/v3_0243.jpg 2 661 458 49 35 550 454 109 73
positives/v3_0244.jpg 2 550 452 107 78 667 456 52 34
positives/v3_0245.jpg 2 669 454 62 42 542 452 106 74
positives/v3_0246.jpg 2 528 444 113 83 673 452 73 49
positives/v3_0247.jpg 2 692 458 73 54 518 452 122 76
positives/v3_0248.jpg 2 718 462 86 55 500 449 128 88
positives/v3_0249.jpg 3 644 446 41 40 754 463 107 70 485 451 132 85
positives/v3_0250.jpg 2 811 475 137 77 479 447 133 85
